hyperparameters:
 stddevx=0.05
 stddevy=0.05
 stddevYdeg=5.0
drone0 position:
 drone0_init_x=-0.0560345746527
 drone0_init_y=0.0218129700159
 drone0_init_Y=-0.123952147552
drone1 position:
 drone1_init_x=0.0147881037392
 drone1_init_y=0.965571504761
 drone1_init_Y=-0.067936842155
drone2 position:
 drone2_init_x=-0.00919285025367
 drone2_init_y=1.97133746195
 drone2_init_Y=0.0559345480074
