hyperparameters:
 stddevx=0.05
 stddevy=0.05
 stddevYdeg=5.0
drone0 position:
 drone0_init_x=-0.0619574557053
 drone0_init_y=0.0424878648968
 drone0_init_Y=-0.179288809001
drone1 position:
 drone1_init_x=-0.0433680168536
 drone1_init_y=0.986943463021
 drone1_init_Y=-0.122001184996
drone2 position:
 drone2_init_x=0.00416862041826
 drone2_init_y=2.00836200355
 drone2_init_Y=-0.048605017769
