hyperparameters:
 stddevx=0.05
 stddevy=0.05
 stddevYdeg=5.0
drone0 position:
 drone0_init_x=-0.0330989253277
 drone0_init_y=-0.0494644452601
 drone0_init_Y=-0.135565226645
drone1 position:
 drone1_init_x=0.0194466339001
 drone1_init_y=1.01003684675
 drone1_init_Y=0.0779317319471
drone2 position:
 drone2_init_x=0.0251428339976
 drone2_init_y=2.09070749991
 drone2_init_Y=-0.0110655171578
