hyperparameters:
 stddevx=0.05
 stddevy=0.05
 stddevYdeg=5.0
drone0 position:
 drone0_init_x=0.0537575633819
 drone0_init_y=-0.0194263855651
 drone0_init_Y=-0.0350859987842
drone1 position:
 drone1_init_x=-0.0376253003866
 drone1_init_y=0.971863200922
 drone1_init_Y=-0.0882299331046
drone2 position:
 drone2_init_x=-0.0157301069395
 drone2_init_y=2.04712576552
 drone2_init_Y=-0.0114104568684
