hyperparameters:
 stddevx=0.1
 stddevy=0.1
 stddevYdeg=10.0
drone0 position:
 drone0_init_x=-0.00825100085366
 drone0_init_y=-0.0503990595621
 drone0_init_Y=-0.0620549964082
drone1 position:
 drone1_init_x=0.0593726439508
 drone1_init_y=0.940011799768
 drone1_init_Y=0.195776811245
drone2 position:
 drone2_init_x=-0.0710897939394
 drone2_init_y=1.94296123716
 drone2_init_Y=0.223753519971
